[[0, 0,  19.8 ], [1, 0,    0.0 ], [2, 0,   28.4 ],  [3, 0,  2.6 ], [4, 0,   4.4 ], [5, 0,   10.9 ], [6, 0,   4.6 ], [7, 0,  27.8 ], [8, 0,   1.6],
 [0, 1,  35.5 ], [1, 1,    0.2 ], [2, 1,   11.7 ],  [3, 1,  4.4 ], [4, 1,   4.2 ], [5, 1,   13.5 ], [6, 1,   5.9 ], [7, 1,  23.6 ], [8, 1,   1.0],
 [0, 2,   4.5 ], [1, 2,   27.4 ], [2, 2,   14.7 ],  [3, 2,  5.7 ], [4, 2,   3.6 ], [5, 2,   10.5 ], [6, 2,   6.0 ], [7, 2,  24.0 ], [8, 2,   3.6],
 [0, 3,  16.1 ], [1, 3,   12.9 ], [2, 3,   33.3 ],  [3, 3,  1.0 ], [4, 3,   3.6 ], [5, 3,    6.3 ], [6, 3,   2.7 ], [7, 3,  21.9 ], [8, 3,   2.2],
 [0, 4,  28.3 ], [1, 4,    0.5 ], [2, 4,   49.2 ],  [3, 4,  0.4 ], [4, 4,   2.0 ], [5, 4,    3.6 ], [6, 4,   2.8 ], [7, 4,  11.2 ], [8, 4,   2.0],
 [0, 5,  50.9 ], [1, 5,    0.0 ], [2, 5,   23.9 ],  [3, 5,  0.5 ], [4, 5,   5.2 ], [5, 5,    2.1 ], [6, 5,   1.0 ], [7, 5,  16.1 ], [8, 5,   0.3],
 [0, 6,   2.6 ], [1, 6,    4.6 ], [2, 6,   21.8 ],  [3, 6,  3.0 ], [4, 6,   5.8 ], [5, 6,   19.4 ], [6, 6,  13.7 ], [7, 6,  27.0 ], [8, 6,   2.1],
 [0, 7,  11.2 ], [1, 7,    2.4 ], [2, 7,   57.3 ],  [3, 7,  1.6 ], [4, 7,   1.9 ], [5, 7,    8.2 ], [6, 7,   2.6 ], [7, 7,  13.7 ], [8, 7,   0.9],
 [0, 8,   3.3 ], [1, 8,    0.0 ], [2, 8,   74.2 ],  [3, 8,  0.4 ], [4, 8,   1.5 ], [5, 8,    7.6 ], [6, 8,   2.2 ], [7, 8,  10.6 ], [8, 8,   0.3],
 [0, 9,  47.5 ], [1, 9,    0.2 ], [2, 9,    7.6 ],  [3, 9,  3.3 ], [4, 9,   6.0 ], [5, 9,   11.6 ], [6, 9,   4.3 ], [7, 9,  16.4 ], [8, 9,   3.1],
 [0, 10,  0.6 ], [1, 10,  30.4 ], [2, 10,   0.6 ],  [3, 10, 5.4 ], [4, 10, 14.1 ], [5, 10,  21.5 ], [6, 10,  3.9 ], [7, 10, 22.9 ], [8, 10,  0.6],
 [0, 11, 32.0 ], [1, 11,   0.0 ], [2, 11,  42.9 ],  [3, 11, 1.6 ], [4, 11,  2.2 ], [5, 11,   5.5 ], [6, 11,  1.7 ], [7, 11, 10.7 ], [8, 11,  3.4],
 [0, 12, 33.9 ], [1, 12,   4.1 ], [2, 12,   1.2 ],  [3, 12, 2.3 ], [4, 12,  7.6 ], [5, 12,  20.5 ], [6, 12,  6.0 ], [7, 12, 22.4 ], [8, 12,  2.2]]